/*--------------------------------*- C++ -*----------------------------------*\
| =========                 |                                                 |
| \\      /  F ield         | OpenFOAM: The Open Source CFD Toolbox           |
|  \\    /   O peration     | Version:  2412                                  |
|   \\  /    A nd           | Website:  www.openfoam.com                      |
|    \\/     M anipulation  |                                                 |
\*---------------------------------------------------------------------------*/
FoamFile
{
    version     2.0;
    format      ascii;
    arch        "LSB;label=32;scalar=64";
    class       faceList;
    location    "constant/polyMesh";
    object      faces;
}
// * * * * * * * * * * * * * * * * * * * * * * * * * * * * * * * * * * * * * //


1460
(
4(1 22 85 64)
4(21 84 85 22)
4(63 64 85 84)
4(2 23 86 65)
4(22 85 86 23)
4(64 65 86 85)
4(3 24 87 66)
4(23 86 87 24)
4(65 66 87 86)
4(4 25 88 67)
4(24 87 88 25)
4(66 67 88 87)
4(5 26 89 68)
4(25 88 89 26)
4(67 68 89 88)
4(6 27 90 69)
4(26 89 90 27)
4(68 69 90 89)
4(7 28 91 70)
4(27 90 91 28)
4(69 70 91 90)
4(8 29 92 71)
4(28 91 92 29)
4(70 71 92 91)
4(9 30 93 72)
4(29 92 93 30)
4(71 72 93 92)
4(10 31 94 73)
4(30 93 94 31)
4(72 73 94 93)
4(11 32 95 74)
4(31 94 95 32)
4(73 74 95 94)
4(12 33 96 75)
4(32 95 96 33)
4(74 75 96 95)
4(13 34 97 76)
4(33 96 97 34)
4(75 76 97 96)
4(14 35 98 77)
4(34 97 98 35)
4(76 77 98 97)
4(15 36 99 78)
4(35 98 99 36)
4(77 78 99 98)
4(16 37 100 79)
4(36 99 100 37)
4(78 79 100 99)
4(17 38 101 80)
4(37 100 101 38)
4(79 80 101 100)
4(18 39 102 81)
4(38 101 102 39)
4(80 81 102 101)
4(19 40 103 82)
4(39 102 103 40)
4(81 82 103 102)
4(40 103 104 41)
4(82 83 104 103)
4(22 43 106 85)
4(84 85 106 105)
4(23 44 107 86)
4(85 86 107 106)
4(24 45 108 87)
4(86 87 108 107)
4(25 46 109 88)
4(87 88 109 108)
4(26 47 110 89)
4(88 89 110 109)
4(27 48 111 90)
4(89 90 111 110)
4(28 49 112 91)
4(90 91 112 111)
4(29 50 113 92)
4(91 92 113 112)
4(30 51 114 93)
4(92 93 114 113)
4(31 52 115 94)
4(93 94 115 114)
4(32 53 116 95)
4(94 95 116 115)
4(33 54 117 96)
4(95 96 117 116)
4(34 55 118 97)
4(96 97 118 117)
4(35 56 119 98)
4(97 98 119 118)
4(36 57 120 99)
4(98 99 120 119)
4(37 58 121 100)
4(99 100 121 120)
4(38 59 122 101)
4(100 101 122 121)
4(39 60 123 102)
4(101 102 123 122)
4(40 61 124 103)
4(102 103 124 123)
4(103 104 125 124)
4(64 85 148 127)
4(84 147 148 85)
4(126 127 148 147)
4(65 86 149 128)
4(85 148 149 86)
4(127 128 149 148)
4(66 87 150 129)
4(86 149 150 87)
4(128 129 150 149)
4(67 88 151 130)
4(87 150 151 88)
4(129 130 151 150)
4(68 89 152 131)
4(88 151 152 89)
4(130 131 152 151)
4(69 90 153 132)
4(89 152 153 90)
4(131 132 153 152)
4(70 91 154 133)
4(90 153 154 91)
4(132 133 154 153)
4(71 92 155 134)
4(91 154 155 92)
4(133 134 155 154)
4(72 93 156 135)
4(92 155 156 93)
4(134 135 156 155)
4(73 94 157 136)
4(93 156 157 94)
4(135 136 157 156)
4(74 95 158 137)
4(94 157 158 95)
4(136 137 158 157)
4(75 96 159 138)
4(95 158 159 96)
4(137 138 159 158)
4(76 97 160 139)
4(96 159 160 97)
4(138 139 160 159)
4(77 98 161 140)
4(97 160 161 98)
4(139 140 161 160)
4(78 99 162 141)
4(98 161 162 99)
4(140 141 162 161)
4(79 100 163 142)
4(99 162 163 100)
4(141 142 163 162)
4(80 101 164 143)
4(100 163 164 101)
4(142 143 164 163)
4(81 102 165 144)
4(101 164 165 102)
4(143 144 165 164)
4(82 103 166 145)
4(102 165 166 103)
4(144 145 166 165)
4(103 166 167 104)
4(145 146 167 166)
4(85 106 169 148)
4(147 148 169 168)
4(86 107 170 149)
4(148 149 170 169)
4(87 108 171 150)
4(149 150 171 170)
4(88 109 172 151)
4(150 151 172 171)
4(89 110 173 152)
4(151 152 173 172)
4(90 111 174 153)
4(152 153 174 173)
4(91 112 175 154)
4(153 154 175 174)
4(92 113 176 155)
4(154 155 176 175)
4(93 114 177 156)
4(155 156 177 176)
4(94 115 178 157)
4(156 157 178 177)
4(95 116 179 158)
4(157 158 179 178)
4(96 117 180 159)
4(158 159 180 179)
4(97 118 181 160)
4(159 160 181 180)
4(98 119 182 161)
4(160 161 182 181)
4(99 120 183 162)
4(161 162 183 182)
4(100 121 184 163)
4(162 163 184 183)
4(101 122 185 164)
4(163 164 185 184)
4(102 123 186 165)
4(164 165 186 185)
4(103 124 187 166)
4(165 166 187 186)
4(166 167 188 187)
4(127 148 211 190)
4(147 210 211 148)
4(189 190 211 210)
4(128 149 212 191)
4(148 211 212 149)
4(190 191 212 211)
4(129 150 213 192)
4(149 212 213 150)
4(191 192 213 212)
4(130 151 214 193)
4(150 213 214 151)
4(192 193 214 213)
4(131 152 215 194)
4(151 214 215 152)
4(193 194 215 214)
4(132 153 216 195)
4(152 215 216 153)
4(194 195 216 215)
4(133 154 217 196)
4(153 216 217 154)
4(195 196 217 216)
4(134 155 218 197)
4(154 217 218 155)
4(196 197 218 217)
4(135 156 219 198)
4(155 218 219 156)
4(197 198 219 218)
4(136 157 220 199)
4(156 219 220 157)
4(198 199 220 219)
4(137 158 221 200)
4(157 220 221 158)
4(199 200 221 220)
4(138 159 222 201)
4(158 221 222 159)
4(200 201 222 221)
4(139 160 223 202)
4(159 222 223 160)
4(201 202 223 222)
4(140 161 224 203)
4(160 223 224 161)
4(202 203 224 223)
4(141 162 225 204)
4(161 224 225 162)
4(203 204 225 224)
4(142 163 226 205)
4(162 225 226 163)
4(204 205 226 225)
4(143 164 227 206)
4(163 226 227 164)
4(205 206 227 226)
4(144 165 228 207)
4(164 227 228 165)
4(206 207 228 227)
4(145 166 229 208)
4(165 228 229 166)
4(207 208 229 228)
4(166 229 230 167)
4(208 209 230 229)
4(148 169 232 211)
4(210 211 232 231)
4(149 170 233 212)
4(211 212 233 232)
4(150 171 234 213)
4(212 213 234 233)
4(151 172 235 214)
4(213 214 235 234)
4(152 173 236 215)
4(214 215 236 235)
4(153 174 237 216)
4(215 216 237 236)
4(154 175 238 217)
4(216 217 238 237)
4(155 176 239 218)
4(217 218 239 238)
4(156 177 240 219)
4(218 219 240 239)
4(157 178 241 220)
4(219 220 241 240)
4(158 179 242 221)
4(220 221 242 241)
4(159 180 243 222)
4(221 222 243 242)
4(160 181 244 223)
4(222 223 244 243)
4(161 182 245 224)
4(223 224 245 244)
4(162 183 246 225)
4(224 225 246 245)
4(163 184 247 226)
4(225 226 247 246)
4(164 185 248 227)
4(226 227 248 247)
4(165 186 249 228)
4(227 228 249 248)
4(166 187 250 229)
4(228 229 250 249)
4(229 230 251 250)
4(190 211 274 253)
4(210 273 274 211)
4(252 253 274 273)
4(191 212 275 254)
4(211 274 275 212)
4(253 254 275 274)
4(192 213 276 255)
4(212 275 276 213)
4(254 255 276 275)
4(193 214 277 256)
4(213 276 277 214)
4(255 256 277 276)
4(194 215 278 257)
4(214 277 278 215)
4(256 257 278 277)
4(195 216 279 258)
4(215 278 279 216)
4(257 258 279 278)
4(196 217 280 259)
4(216 279 280 217)
4(258 259 280 279)
4(197 218 281 260)
4(217 280 281 218)
4(259 260 281 280)
4(198 219 282 261)
4(218 281 282 219)
4(260 261 282 281)
4(199 220 283 262)
4(219 282 283 220)
4(261 262 283 282)
4(200 221 284 263)
4(220 283 284 221)
4(262 263 284 283)
4(201 222 285 264)
4(221 284 285 222)
4(263 264 285 284)
4(202 223 286 265)
4(222 285 286 223)
4(264 265 286 285)
4(203 224 287 266)
4(223 286 287 224)
4(265 266 287 286)
4(204 225 288 267)
4(224 287 288 225)
4(266 267 288 287)
4(205 226 289 268)
4(225 288 289 226)
4(267 268 289 288)
4(206 227 290 269)
4(226 289 290 227)
4(268 269 290 289)
4(207 228 291 270)
4(227 290 291 228)
4(269 270 291 290)
4(208 229 292 271)
4(228 291 292 229)
4(270 271 292 291)
4(229 292 293 230)
4(271 272 293 292)
4(211 232 295 274)
4(273 274 295 294)
4(212 233 296 275)
4(274 275 296 295)
4(213 234 297 276)
4(275 276 297 296)
4(214 235 298 277)
4(276 277 298 297)
4(215 236 299 278)
4(277 278 299 298)
4(216 237 300 279)
4(278 279 300 299)
4(217 238 301 280)
4(279 280 301 300)
4(218 239 302 281)
4(280 281 302 301)
4(219 240 303 282)
4(281 282 303 302)
4(220 241 304 283)
4(282 283 304 303)
4(221 242 305 284)
4(283 284 305 304)
4(222 243 306 285)
4(284 285 306 305)
4(223 244 307 286)
4(285 286 307 306)
4(224 245 308 287)
4(286 287 308 307)
4(225 246 309 288)
4(287 288 309 308)
4(226 247 310 289)
4(288 289 310 309)
4(227 248 311 290)
4(289 290 311 310)
4(228 249 312 291)
4(290 291 312 311)
4(229 250 313 292)
4(291 292 313 312)
4(292 293 314 313)
4(253 274 337 316)
4(273 336 337 274)
4(315 316 337 336)
4(254 275 338 317)
4(274 337 338 275)
4(316 317 338 337)
4(255 276 339 318)
4(275 338 339 276)
4(317 318 339 338)
4(256 277 340 319)
4(276 339 340 277)
4(318 319 340 339)
4(257 278 341 320)
4(277 340 341 278)
4(319 320 341 340)
4(258 279 342 321)
4(278 341 342 279)
4(320 321 342 341)
4(259 280 343 322)
4(279 342 343 280)
4(321 322 343 342)
4(260 281 344 323)
4(280 343 344 281)
4(322 323 344 343)
4(261 282 345 324)
4(281 344 345 282)
4(323 324 345 344)
4(262 283 346 325)
4(282 345 346 283)
4(324 325 346 345)
4(263 284 347 326)
4(283 346 347 284)
4(325 326 347 346)
4(264 285 348 327)
4(284 347 348 285)
4(326 327 348 347)
4(265 286 349 328)
4(285 348 349 286)
4(327 328 349 348)
4(266 287 350 329)
4(286 349 350 287)
4(328 329 350 349)
4(267 288 351 330)
4(287 350 351 288)
4(329 330 351 350)
4(268 289 352 331)
4(288 351 352 289)
4(330 331 352 351)
4(269 290 353 332)
4(289 352 353 290)
4(331 332 353 352)
4(270 291 354 333)
4(290 353 354 291)
4(332 333 354 353)
4(271 292 355 334)
4(291 354 355 292)
4(333 334 355 354)
4(292 355 356 293)
4(334 335 356 355)
4(274 295 358 337)
4(336 337 358 357)
4(275 296 359 338)
4(337 338 359 358)
4(276 297 360 339)
4(338 339 360 359)
4(277 298 361 340)
4(339 340 361 360)
4(278 299 362 341)
4(340 341 362 361)
4(279 300 363 342)
4(341 342 363 362)
4(280 301 364 343)
4(342 343 364 363)
4(281 302 365 344)
4(343 344 365 364)
4(282 303 366 345)
4(344 345 366 365)
4(283 304 367 346)
4(345 346 367 366)
4(284 305 368 347)
4(346 347 368 367)
4(285 306 369 348)
4(347 348 369 368)
4(286 307 370 349)
4(348 349 370 369)
4(287 308 371 350)
4(349 350 371 370)
4(288 309 372 351)
4(350 351 372 371)
4(289 310 373 352)
4(351 352 373 372)
4(290 311 374 353)
4(352 353 374 373)
4(291 312 375 354)
4(353 354 375 374)
4(292 313 376 355)
4(354 355 376 375)
4(355 356 377 376)
4(316 337 400 379)
4(336 399 400 337)
4(378 379 400 399)
4(317 338 401 380)
4(337 400 401 338)
4(379 380 401 400)
4(318 339 402 381)
4(338 401 402 339)
4(380 381 402 401)
4(319 340 403 382)
4(339 402 403 340)
4(381 382 403 402)
4(320 341 404 383)
4(340 403 404 341)
4(382 383 404 403)
4(321 342 405 384)
4(341 404 405 342)
4(383 384 405 404)
4(322 343 406 385)
4(342 405 406 343)
4(384 385 406 405)
4(323 344 407 386)
4(343 406 407 344)
4(385 386 407 406)
4(324 345 408 387)
4(344 407 408 345)
4(386 387 408 407)
4(325 346 409 388)
4(345 408 409 346)
4(387 388 409 408)
4(326 347 410 389)
4(346 409 410 347)
4(388 389 410 409)
4(327 348 411 390)
4(347 410 411 348)
4(389 390 411 410)
4(328 349 412 391)
4(348 411 412 349)
4(390 391 412 411)
4(329 350 413 392)
4(349 412 413 350)
4(391 392 413 412)
4(330 351 414 393)
4(350 413 414 351)
4(392 393 414 413)
4(331 352 415 394)
4(351 414 415 352)
4(393 394 415 414)
4(332 353 416 395)
4(352 415 416 353)
4(394 395 416 415)
4(333 354 417 396)
4(353 416 417 354)
4(395 396 417 416)
4(334 355 418 397)
4(354 417 418 355)
4(396 397 418 417)
4(355 418 419 356)
4(397 398 419 418)
4(337 358 421 400)
4(399 400 421 420)
4(338 359 422 401)
4(400 401 422 421)
4(339 360 423 402)
4(401 402 423 422)
4(340 361 424 403)
4(402 403 424 423)
4(341 362 425 404)
4(403 404 425 424)
4(342 363 426 405)
4(404 405 426 425)
4(343 364 427 406)
4(405 406 427 426)
4(344 365 428 407)
4(406 407 428 427)
4(345 366 429 408)
4(407 408 429 428)
4(346 367 430 409)
4(408 409 430 429)
4(347 368 431 410)
4(409 410 431 430)
4(348 369 432 411)
4(410 411 432 431)
4(349 370 433 412)
4(411 412 433 432)
4(350 371 434 413)
4(412 413 434 433)
4(351 372 435 414)
4(413 414 435 434)
4(352 373 436 415)
4(414 415 436 435)
4(353 374 437 416)
4(415 416 437 436)
4(354 375 438 417)
4(416 417 438 437)
4(355 376 439 418)
4(417 418 439 438)
4(418 419 440 439)
4(379 400 463 442)
4(399 462 463 400)
4(441 442 463 462)
4(380 401 464 443)
4(400 463 464 401)
4(442 443 464 463)
4(381 402 465 444)
4(401 464 465 402)
4(443 444 465 464)
4(382 403 466 445)
4(402 465 466 403)
4(444 445 466 465)
4(383 404 467 446)
4(403 466 467 404)
4(445 446 467 466)
4(384 405 468 447)
4(404 467 468 405)
4(446 447 468 467)
4(385 406 469 448)
4(405 468 469 406)
4(447 448 469 468)
4(386 407 470 449)
4(406 469 470 407)
4(448 449 470 469)
4(387 408 471 450)
4(407 470 471 408)
4(449 450 471 470)
4(388 409 472 451)
4(408 471 472 409)
4(450 451 472 471)
4(389 410 473 452)
4(409 472 473 410)
4(451 452 473 472)
4(390 411 474 453)
4(410 473 474 411)
4(452 453 474 473)
4(391 412 475 454)
4(411 474 475 412)
4(453 454 475 474)
4(392 413 476 455)
4(412 475 476 413)
4(454 455 476 475)
4(393 414 477 456)
4(413 476 477 414)
4(455 456 477 476)
4(394 415 478 457)
4(414 477 478 415)
4(456 457 478 477)
4(395 416 479 458)
4(415 478 479 416)
4(457 458 479 478)
4(396 417 480 459)
4(416 479 480 417)
4(458 459 480 479)
4(397 418 481 460)
4(417 480 481 418)
4(459 460 481 480)
4(418 481 482 419)
4(460 461 482 481)
4(400 421 484 463)
4(462 463 484 483)
4(401 422 485 464)
4(463 464 485 484)
4(402 423 486 465)
4(464 465 486 485)
4(403 424 487 466)
4(465 466 487 486)
4(404 425 488 467)
4(466 467 488 487)
4(405 426 489 468)
4(467 468 489 488)
4(406 427 490 469)
4(468 469 490 489)
4(407 428 491 470)
4(469 470 491 490)
4(408 429 492 471)
4(470 471 492 491)
4(409 430 493 472)
4(471 472 493 492)
4(410 431 494 473)
4(472 473 494 493)
4(411 432 495 474)
4(473 474 495 494)
4(412 433 496 475)
4(474 475 496 495)
4(413 434 497 476)
4(475 476 497 496)
4(414 435 498 477)
4(476 477 498 497)
4(415 436 499 478)
4(477 478 499 498)
4(416 437 500 479)
4(478 479 500 499)
4(417 438 501 480)
4(479 480 501 500)
4(418 439 502 481)
4(480 481 502 501)
4(481 482 503 502)
4(442 463 526 505)
4(462 525 526 463)
4(504 505 526 525)
4(443 464 527 506)
4(463 526 527 464)
4(505 506 527 526)
4(444 465 528 507)
4(464 527 528 465)
4(506 507 528 527)
4(445 466 529 508)
4(465 528 529 466)
4(507 508 529 528)
4(446 467 530 509)
4(466 529 530 467)
4(508 509 530 529)
4(447 468 531 510)
4(467 530 531 468)
4(509 510 531 530)
4(448 469 532 511)
4(468 531 532 469)
4(510 511 532 531)
4(449 470 533 512)
4(469 532 533 470)
4(511 512 533 532)
4(450 471 534 513)
4(470 533 534 471)
4(512 513 534 533)
4(451 472 535 514)
4(471 534 535 472)
4(513 514 535 534)
4(452 473 536 515)
4(472 535 536 473)
4(514 515 536 535)
4(453 474 537 516)
4(473 536 537 474)
4(515 516 537 536)
4(454 475 538 517)
4(474 537 538 475)
4(516 517 538 537)
4(455 476 539 518)
4(475 538 539 476)
4(517 518 539 538)
4(456 477 540 519)
4(476 539 540 477)
4(518 519 540 539)
4(457 478 541 520)
4(477 540 541 478)
4(519 520 541 540)
4(458 479 542 521)
4(478 541 542 479)
4(520 521 542 541)
4(459 480 543 522)
4(479 542 543 480)
4(521 522 543 542)
4(460 481 544 523)
4(480 543 544 481)
4(522 523 544 543)
4(481 544 545 482)
4(523 524 545 544)
4(463 484 547 526)
4(525 526 547 546)
4(464 485 548 527)
4(526 527 548 547)
4(465 486 549 528)
4(527 528 549 548)
4(466 487 550 529)
4(528 529 550 549)
4(467 488 551 530)
4(529 530 551 550)
4(468 489 552 531)
4(530 531 552 551)
4(469 490 553 532)
4(531 532 553 552)
4(470 491 554 533)
4(532 533 554 553)
4(471 492 555 534)
4(533 534 555 554)
4(472 493 556 535)
4(534 535 556 555)
4(473 494 557 536)
4(535 536 557 556)
4(474 495 558 537)
4(536 537 558 557)
4(475 496 559 538)
4(537 538 559 558)
4(476 497 560 539)
4(538 539 560 559)
4(477 498 561 540)
4(539 540 561 560)
4(478 499 562 541)
4(540 541 562 561)
4(479 500 563 542)
4(541 542 563 562)
4(480 501 564 543)
4(542 543 564 563)
4(481 502 565 544)
4(543 544 565 564)
4(544 545 566 565)
4(505 526 589 568)
4(525 588 589 526)
4(567 568 589 588)
4(506 527 590 569)
4(526 589 590 527)
4(568 569 590 589)
4(507 528 591 570)
4(527 590 591 528)
4(569 570 591 590)
4(508 529 592 571)
4(528 591 592 529)
4(570 571 592 591)
4(509 530 593 572)
4(529 592 593 530)
4(571 572 593 592)
4(510 531 594 573)
4(530 593 594 531)
4(572 573 594 593)
4(511 532 595 574)
4(531 594 595 532)
4(573 574 595 594)
4(512 533 596 575)
4(532 595 596 533)
4(574 575 596 595)
4(513 534 597 576)
4(533 596 597 534)
4(575 576 597 596)
4(514 535 598 577)
4(534 597 598 535)
4(576 577 598 597)
4(515 536 599 578)
4(535 598 599 536)
4(577 578 599 598)
4(516 537 600 579)
4(536 599 600 537)
4(578 579 600 599)
4(517 538 601 580)
4(537 600 601 538)
4(579 580 601 600)
4(518 539 602 581)
4(538 601 602 539)
4(580 581 602 601)
4(519 540 603 582)
4(539 602 603 540)
4(581 582 603 602)
4(520 541 604 583)
4(540 603 604 541)
4(582 583 604 603)
4(521 542 605 584)
4(541 604 605 542)
4(583 584 605 604)
4(522 543 606 585)
4(542 605 606 543)
4(584 585 606 605)
4(523 544 607 586)
4(543 606 607 544)
4(585 586 607 606)
4(544 607 608 545)
4(586 587 608 607)
4(526 547 610 589)
4(588 589 610 609)
4(527 548 611 590)
4(589 590 611 610)
4(528 549 612 591)
4(590 591 612 611)
4(529 550 613 592)
4(591 592 613 612)
4(530 551 614 593)
4(592 593 614 613)
4(531 552 615 594)
4(593 594 615 614)
4(532 553 616 595)
4(594 595 616 615)
4(533 554 617 596)
4(595 596 617 616)
4(534 555 618 597)
4(596 597 618 617)
4(535 556 619 598)
4(597 598 619 618)
4(536 557 620 599)
4(598 599 620 619)
4(537 558 621 600)
4(599 600 621 620)
4(538 559 622 601)
4(600 601 622 621)
4(539 560 623 602)
4(601 602 623 622)
4(540 561 624 603)
4(602 603 624 623)
4(541 562 625 604)
4(603 604 625 624)
4(542 563 626 605)
4(604 605 626 625)
4(543 564 627 606)
4(605 606 627 626)
4(544 565 628 607)
4(606 607 628 627)
4(607 608 629 628)
4(568 589 652 631)
4(588 651 652 589)
4(569 590 653 632)
4(589 652 653 590)
4(570 591 654 633)
4(590 653 654 591)
4(571 592 655 634)
4(591 654 655 592)
4(572 593 656 635)
4(592 655 656 593)
4(573 594 657 636)
4(593 656 657 594)
4(574 595 658 637)
4(594 657 658 595)
4(575 596 659 638)
4(595 658 659 596)
4(576 597 660 639)
4(596 659 660 597)
4(577 598 661 640)
4(597 660 661 598)
4(578 599 662 641)
4(598 661 662 599)
4(579 600 663 642)
4(599 662 663 600)
4(580 601 664 643)
4(600 663 664 601)
4(581 602 665 644)
4(601 664 665 602)
4(582 603 666 645)
4(602 665 666 603)
4(583 604 667 646)
4(603 666 667 604)
4(584 605 668 647)
4(604 667 668 605)
4(585 606 669 648)
4(605 668 669 606)
4(586 607 670 649)
4(606 669 670 607)
4(607 670 671 608)
4(589 610 673 652)
4(590 611 674 653)
4(591 612 675 654)
4(592 613 676 655)
4(593 614 677 656)
4(594 615 678 657)
4(595 616 679 658)
4(596 617 680 659)
4(597 618 681 660)
4(598 619 682 661)
4(599 620 683 662)
4(600 621 684 663)
4(601 622 685 664)
4(602 623 686 665)
4(603 624 687 666)
4(604 625 688 667)
4(605 626 689 668)
4(606 627 690 669)
4(607 628 691 670)
4(0 63 84 21)
4(21 84 105 42)
4(63 126 147 84)
4(84 147 168 105)
4(126 189 210 147)
4(147 210 231 168)
4(189 252 273 210)
4(210 273 294 231)
4(252 315 336 273)
4(273 336 357 294)
4(315 378 399 336)
4(336 399 420 357)
4(378 441 462 399)
4(399 462 483 420)
4(441 504 525 462)
4(462 525 546 483)
4(504 567 588 525)
4(525 588 609 546)
4(567 630 651 588)
4(588 651 672 609)
4(20 41 104 83)
4(41 62 125 104)
4(83 104 167 146)
4(104 125 188 167)
4(146 167 230 209)
4(167 188 251 230)
4(209 230 293 272)
4(230 251 314 293)
4(272 293 356 335)
4(293 314 377 356)
4(335 356 419 398)
4(356 377 440 419)
4(398 419 482 461)
4(419 440 503 482)
4(461 482 545 524)
4(482 503 566 545)
4(524 545 608 587)
4(545 566 629 608)
4(587 608 671 650)
4(608 629 692 671)
4(42 105 106 43)
4(105 168 169 106)
4(168 231 232 169)
4(231 294 295 232)
4(294 357 358 295)
4(357 420 421 358)
4(420 483 484 421)
4(483 546 547 484)
4(546 609 610 547)
4(609 672 673 610)
4(43 106 107 44)
4(106 169 170 107)
4(169 232 233 170)
4(232 295 296 233)
4(295 358 359 296)
4(358 421 422 359)
4(421 484 485 422)
4(484 547 548 485)
4(547 610 611 548)
4(610 673 674 611)
4(44 107 108 45)
4(107 170 171 108)
4(170 233 234 171)
4(233 296 297 234)
4(296 359 360 297)
4(359 422 423 360)
4(422 485 486 423)
4(485 548 549 486)
4(548 611 612 549)
4(611 674 675 612)
4(45 108 109 46)
4(108 171 172 109)
4(171 234 235 172)
4(234 297 298 235)
4(297 360 361 298)
4(360 423 424 361)
4(423 486 487 424)
4(486 549 550 487)
4(549 612 613 550)
4(612 675 676 613)
4(46 109 110 47)
4(109 172 173 110)
4(172 235 236 173)
4(235 298 299 236)
4(298 361 362 299)
4(361 424 425 362)
4(424 487 488 425)
4(487 550 551 488)
4(550 613 614 551)
4(613 676 677 614)
4(47 110 111 48)
4(110 173 174 111)
4(173 236 237 174)
4(236 299 300 237)
4(299 362 363 300)
4(362 425 426 363)
4(425 488 489 426)
4(488 551 552 489)
4(551 614 615 552)
4(614 677 678 615)
4(48 111 112 49)
4(111 174 175 112)
4(174 237 238 175)
4(237 300 301 238)
4(300 363 364 301)
4(363 426 427 364)
4(426 489 490 427)
4(489 552 553 490)
4(552 615 616 553)
4(615 678 679 616)
4(49 112 113 50)
4(112 175 176 113)
4(175 238 239 176)
4(238 301 302 239)
4(301 364 365 302)
4(364 427 428 365)
4(427 490 491 428)
4(490 553 554 491)
4(553 616 617 554)
4(616 679 680 617)
4(50 113 114 51)
4(113 176 177 114)
4(176 239 240 177)
4(239 302 303 240)
4(302 365 366 303)
4(365 428 429 366)
4(428 491 492 429)
4(491 554 555 492)
4(554 617 618 555)
4(617 680 681 618)
4(51 114 115 52)
4(114 177 178 115)
4(177 240 241 178)
4(240 303 304 241)
4(303 366 367 304)
4(366 429 430 367)
4(429 492 493 430)
4(492 555 556 493)
4(555 618 619 556)
4(618 681 682 619)
4(52 115 116 53)
4(115 178 179 116)
4(178 241 242 179)
4(241 304 305 242)
4(304 367 368 305)
4(367 430 431 368)
4(430 493 494 431)
4(493 556 557 494)
4(556 619 620 557)
4(619 682 683 620)
4(53 116 117 54)
4(116 179 180 117)
4(179 242 243 180)
4(242 305 306 243)
4(305 368 369 306)
4(368 431 432 369)
4(431 494 495 432)
4(494 557 558 495)
4(557 620 621 558)
4(620 683 684 621)
4(54 117 118 55)
4(117 180 181 118)
4(180 243 244 181)
4(243 306 307 244)
4(306 369 370 307)
4(369 432 433 370)
4(432 495 496 433)
4(495 558 559 496)
4(558 621 622 559)
4(621 684 685 622)
4(55 118 119 56)
4(118 181 182 119)
4(181 244 245 182)
4(244 307 308 245)
4(307 370 371 308)
4(370 433 434 371)
4(433 496 497 434)
4(496 559 560 497)
4(559 622 623 560)
4(622 685 686 623)
4(56 119 120 57)
4(119 182 183 120)
4(182 245 246 183)
4(245 308 309 246)
4(308 371 372 309)
4(371 434 435 372)
4(434 497 498 435)
4(497 560 561 498)
4(560 623 624 561)
4(623 686 687 624)
4(57 120 121 58)
4(120 183 184 121)
4(183 246 247 184)
4(246 309 310 247)
4(309 372 373 310)
4(372 435 436 373)
4(435 498 499 436)
4(498 561 562 499)
4(561 624 625 562)
4(624 687 688 625)
4(58 121 122 59)
4(121 184 185 122)
4(184 247 248 185)
4(247 310 311 248)
4(310 373 374 311)
4(373 436 437 374)
4(436 499 500 437)
4(499 562 563 500)
4(562 625 626 563)
4(625 688 689 626)
4(59 122 123 60)
4(122 185 186 123)
4(185 248 249 186)
4(248 311 312 249)
4(311 374 375 312)
4(374 437 438 375)
4(437 500 501 438)
4(500 563 564 501)
4(563 626 627 564)
4(626 689 690 627)
4(60 123 124 61)
4(123 186 187 124)
4(186 249 250 187)
4(249 312 313 250)
4(312 375 376 313)
4(375 438 439 376)
4(438 501 502 439)
4(501 564 565 502)
4(564 627 628 565)
4(627 690 691 628)
4(61 124 125 62)
4(124 187 188 125)
4(187 250 251 188)
4(250 313 314 251)
4(313 376 377 314)
4(376 439 440 377)
4(439 502 503 440)
4(502 565 566 503)
4(565 628 629 566)
4(628 691 692 629)
4(0 1 64 63)
4(63 64 127 126)
4(126 127 190 189)
4(189 190 253 252)
4(252 253 316 315)
4(315 316 379 378)
4(378 379 442 441)
4(441 442 505 504)
4(504 505 568 567)
4(567 568 631 630)
4(1 2 65 64)
4(64 65 128 127)
4(127 128 191 190)
4(190 191 254 253)
4(253 254 317 316)
4(316 317 380 379)
4(379 380 443 442)
4(442 443 506 505)
4(505 506 569 568)
4(568 569 632 631)
4(2 3 66 65)
4(65 66 129 128)
4(128 129 192 191)
4(191 192 255 254)
4(254 255 318 317)
4(317 318 381 380)
4(380 381 444 443)
4(443 444 507 506)
4(506 507 570 569)
4(569 570 633 632)
4(3 4 67 66)
4(66 67 130 129)
4(129 130 193 192)
4(192 193 256 255)
4(255 256 319 318)
4(318 319 382 381)
4(381 382 445 444)
4(444 445 508 507)
4(507 508 571 570)
4(570 571 634 633)
4(4 5 68 67)
4(67 68 131 130)
4(130 131 194 193)
4(193 194 257 256)
4(256 257 320 319)
4(319 320 383 382)
4(382 383 446 445)
4(445 446 509 508)
4(508 509 572 571)
4(571 572 635 634)
4(5 6 69 68)
4(68 69 132 131)
4(131 132 195 194)
4(194 195 258 257)
4(257 258 321 320)
4(320 321 384 383)
4(383 384 447 446)
4(446 447 510 509)
4(509 510 573 572)
4(572 573 636 635)
4(6 7 70 69)
4(69 70 133 132)
4(132 133 196 195)
4(195 196 259 258)
4(258 259 322 321)
4(321 322 385 384)
4(384 385 448 447)
4(447 448 511 510)
4(510 511 574 573)
4(573 574 637 636)
4(7 8 71 70)
4(70 71 134 133)
4(133 134 197 196)
4(196 197 260 259)
4(259 260 323 322)
4(322 323 386 385)
4(385 386 449 448)
4(448 449 512 511)
4(511 512 575 574)
4(574 575 638 637)
4(8 9 72 71)
4(71 72 135 134)
4(134 135 198 197)
4(197 198 261 260)
4(260 261 324 323)
4(323 324 387 386)
4(386 387 450 449)
4(449 450 513 512)
4(512 513 576 575)
4(575 576 639 638)
4(9 10 73 72)
4(72 73 136 135)
4(135 136 199 198)
4(198 199 262 261)
4(261 262 325 324)
4(324 325 388 387)
4(387 388 451 450)
4(450 451 514 513)
4(513 514 577 576)
4(576 577 640 639)
4(10 11 74 73)
4(73 74 137 136)
4(136 137 200 199)
4(199 200 263 262)
4(262 263 326 325)
4(325 326 389 388)
4(388 389 452 451)
4(451 452 515 514)
4(514 515 578 577)
4(577 578 641 640)
4(11 12 75 74)
4(74 75 138 137)
4(137 138 201 200)
4(200 201 264 263)
4(263 264 327 326)
4(326 327 390 389)
4(389 390 453 452)
4(452 453 516 515)
4(515 516 579 578)
4(578 579 642 641)
4(12 13 76 75)
4(75 76 139 138)
4(138 139 202 201)
4(201 202 265 264)
4(264 265 328 327)
4(327 328 391 390)
4(390 391 454 453)
4(453 454 517 516)
4(516 517 580 579)
4(579 580 643 642)
4(13 14 77 76)
4(76 77 140 139)
4(139 140 203 202)
4(202 203 266 265)
4(265 266 329 328)
4(328 329 392 391)
4(391 392 455 454)
4(454 455 518 517)
4(517 518 581 580)
4(580 581 644 643)
4(14 15 78 77)
4(77 78 141 140)
4(140 141 204 203)
4(203 204 267 266)
4(266 267 330 329)
4(329 330 393 392)
4(392 393 456 455)
4(455 456 519 518)
4(518 519 582 581)
4(581 582 645 644)
4(15 16 79 78)
4(78 79 142 141)
4(141 142 205 204)
4(204 205 268 267)
4(267 268 331 330)
4(330 331 394 393)
4(393 394 457 456)
4(456 457 520 519)
4(519 520 583 582)
4(582 583 646 645)
4(16 17 80 79)
4(79 80 143 142)
4(142 143 206 205)
4(205 206 269 268)
4(268 269 332 331)
4(331 332 395 394)
4(394 395 458 457)
4(457 458 521 520)
4(520 521 584 583)
4(583 584 647 646)
4(17 18 81 80)
4(80 81 144 143)
4(143 144 207 206)
4(206 207 270 269)
4(269 270 333 332)
4(332 333 396 395)
4(395 396 459 458)
4(458 459 522 521)
4(521 522 585 584)
4(584 585 648 647)
4(18 19 82 81)
4(81 82 145 144)
4(144 145 208 207)
4(207 208 271 270)
4(270 271 334 333)
4(333 334 397 396)
4(396 397 460 459)
4(459 460 523 522)
4(522 523 586 585)
4(585 586 649 648)
4(19 20 83 82)
4(82 83 146 145)
4(145 146 209 208)
4(208 209 272 271)
4(271 272 335 334)
4(334 335 398 397)
4(397 398 461 460)
4(460 461 524 523)
4(523 524 587 586)
4(586 587 650 649)
4(0 21 22 1)
4(21 42 43 22)
4(1 22 23 2)
4(22 43 44 23)
4(2 23 24 3)
4(23 44 45 24)
4(3 24 25 4)
4(24 45 46 25)
4(4 25 26 5)
4(25 46 47 26)
4(5 26 27 6)
4(26 47 48 27)
4(6 27 28 7)
4(27 48 49 28)
4(7 28 29 8)
4(28 49 50 29)
4(8 29 30 9)
4(29 50 51 30)
4(9 30 31 10)
4(30 51 52 31)
4(10 31 32 11)
4(31 52 53 32)
4(11 32 33 12)
4(32 53 54 33)
4(12 33 34 13)
4(33 54 55 34)
4(13 34 35 14)
4(34 55 56 35)
4(14 35 36 15)
4(35 56 57 36)
4(15 36 37 16)
4(36 57 58 37)
4(16 37 38 17)
4(37 58 59 38)
4(17 38 39 18)
4(38 59 60 39)
4(18 39 40 19)
4(39 60 61 40)
4(19 40 41 20)
4(40 61 62 41)
4(630 631 652 651)
4(651 652 673 672)
4(631 632 653 652)
4(652 653 674 673)
4(632 633 654 653)
4(653 654 675 674)
4(633 634 655 654)
4(654 655 676 675)
4(634 635 656 655)
4(655 656 677 676)
4(635 636 657 656)
4(656 657 678 677)
4(636 637 658 657)
4(657 658 679 678)
4(637 638 659 658)
4(658 659 680 679)
4(638 639 660 659)
4(659 660 681 680)
4(639 640 661 660)
4(660 661 682 681)
4(640 641 662 661)
4(661 662 683 682)
4(641 642 663 662)
4(662 663 684 683)
4(642 643 664 663)
4(663 664 685 684)
4(643 644 665 664)
4(664 665 686 685)
4(644 645 666 665)
4(665 666 687 686)
4(645 646 667 666)
4(666 667 688 687)
4(646 647 668 667)
4(667 668 689 688)
4(647 648 669 668)
4(668 669 690 689)
4(648 649 670 669)
4(669 670 691 690)
4(649 650 671 670)
4(670 671 692 691)
)


// ************************************************************************* //
