/*--------------------------------*- C++ -*----------------------------------*\
| =========                 |                                                 |
| \\      /  F ield         | OpenFOAM: The Open Source CFD Toolbox           |
|  \\    /   O peration     | Version:  2412                                  |
|   \\  /    A nd           | Website:  www.openfoam.com                      |
|    \\/     M anipulation  |                                                 |
\*---------------------------------------------------------------------------*/
FoamFile
{
    version     2.0;
    format      ascii;
    arch        "LSB;label=32;scalar=64";
    note        "nPoints:693  nCells:400  nFaces:1460  nInternalFaces:940";
    class       labelList;
    location    "constant/polyMesh";
    object      neighbour;
}
// * * * * * * * * * * * * * * * * * * * * * * * * * * * * * * * * * * * * * //


940
(
1
20
40
2
21
41
3
22
42
4
23
43
5
24
44
6
25
45
7
26
46
8
27
47
9
28
48
10
29
49
11
30
50
12
31
51
13
32
52
14
33
53
15
34
54
16
35
55
17
36
56
18
37
57
19
38
58
39
59
21
60
22
61
23
62
24
63
25
64
26
65
27
66
28
67
29
68
30
69
31
70
32
71
33
72
34
73
35
74
36
75
37
76
38
77
39
78
79
41
60
80
42
61
81
43
62
82
44
63
83
45
64
84
46
65
85
47
66
86
48
67
87
49
68
88
50
69
89
51
70
90
52
71
91
53
72
92
54
73
93
55
74
94
56
75
95
57
76
96
58
77
97
59
78
98
79
99
61
100
62
101
63
102
64
103
65
104
66
105
67
106
68
107
69
108
70
109
71
110
72
111
73
112
74
113
75
114
76
115
77
116
78
117
79
118
119
81
100
120
82
101
121
83
102
122
84
103
123
85
104
124
86
105
125
87
106
126
88
107
127
89
108
128
90
109
129
91
110
130
92
111
131
93
112
132
94
113
133
95
114
134
96
115
135
97
116
136
98
117
137
99
118
138
119
139
101
140
102
141
103
142
104
143
105
144
106
145
107
146
108
147
109
148
110
149
111
150
112
151
113
152
114
153
115
154
116
155
117
156
118
157
119
158
159
121
140
160
122
141
161
123
142
162
124
143
163
125
144
164
126
145
165
127
146
166
128
147
167
129
148
168
130
149
169
131
150
170
132
151
171
133
152
172
134
153
173
135
154
174
136
155
175
137
156
176
138
157
177
139
158
178
159
179
141
180
142
181
143
182
144
183
145
184
146
185
147
186
148
187
149
188
150
189
151
190
152
191
153
192
154
193
155
194
156
195
157
196
158
197
159
198
199
161
180
200
162
181
201
163
182
202
164
183
203
165
184
204
166
185
205
167
186
206
168
187
207
169
188
208
170
189
209
171
190
210
172
191
211
173
192
212
174
193
213
175
194
214
176
195
215
177
196
216
178
197
217
179
198
218
199
219
181
220
182
221
183
222
184
223
185
224
186
225
187
226
188
227
189
228
190
229
191
230
192
231
193
232
194
233
195
234
196
235
197
236
198
237
199
238
239
201
220
240
202
221
241
203
222
242
204
223
243
205
224
244
206
225
245
207
226
246
208
227
247
209
228
248
210
229
249
211
230
250
212
231
251
213
232
252
214
233
253
215
234
254
216
235
255
217
236
256
218
237
257
219
238
258
239
259
221
260
222
261
223
262
224
263
225
264
226
265
227
266
228
267
229
268
230
269
231
270
232
271
233
272
234
273
235
274
236
275
237
276
238
277
239
278
279
241
260
280
242
261
281
243
262
282
244
263
283
245
264
284
246
265
285
247
266
286
248
267
287
249
268
288
250
269
289
251
270
290
252
271
291
253
272
292
254
273
293
255
274
294
256
275
295
257
276
296
258
277
297
259
278
298
279
299
261
300
262
301
263
302
264
303
265
304
266
305
267
306
268
307
269
308
270
309
271
310
272
311
273
312
274
313
275
314
276
315
277
316
278
317
279
318
319
281
300
320
282
301
321
283
302
322
284
303
323
285
304
324
286
305
325
287
306
326
288
307
327
289
308
328
290
309
329
291
310
330
292
311
331
293
312
332
294
313
333
295
314
334
296
315
335
297
316
336
298
317
337
299
318
338
319
339
301
340
302
341
303
342
304
343
305
344
306
345
307
346
308
347
309
348
310
349
311
350
312
351
313
352
314
353
315
354
316
355
317
356
318
357
319
358
359
321
340
360
322
341
361
323
342
362
324
343
363
325
344
364
326
345
365
327
346
366
328
347
367
329
348
368
330
349
369
331
350
370
332
351
371
333
352
372
334
353
373
335
354
374
336
355
375
337
356
376
338
357
377
339
358
378
359
379
341
380
342
381
343
382
344
383
345
384
346
385
347
386
348
387
349
388
350
389
351
390
352
391
353
392
354
393
355
394
356
395
357
396
358
397
359
398
399
361
380
362
381
363
382
364
383
365
384
366
385
367
386
368
387
369
388
370
389
371
390
372
391
373
392
374
393
375
394
376
395
377
396
378
397
379
398
399
381
382
383
384
385
386
387
388
389
390
391
392
393
394
395
396
397
398
399
)


// ************************************************************************* //
