/*--------------------------------*- C++ -*----------------------------------*\
| =========                 |                                                 |
| \\      /  F ield         | OpenFOAM: The Open Source CFD Toolbox           |
|  \\    /   O peration     | Version:  2412                                  |
|   \\  /    A nd           | Website:  www.openfoam.com                      |
|    \\/     M anipulation  |                                                 |
\*---------------------------------------------------------------------------*/
FoamFile
{
    version     2.0;
    format      ascii;
    arch        "LSB;label=32;scalar=64";
    class       vectorField;
    location    "constant/polyMesh";
    object      points;
}
// * * * * * * * * * * * * * * * * * * * * * * * * * * * * * * * * * * * * * //


693
(
(0 -0.005 -0.005)
(0.005 -0.005 -0.005)
(0.01 -0.005 -0.005)
(0.015 -0.005 -0.005)
(0.02 -0.005 -0.005)
(0.025 -0.005 -0.005)
(0.03 -0.005 -0.005)
(0.035 -0.005 -0.005)
(0.04 -0.005 -0.005)
(0.045 -0.005 -0.005)
(0.05 -0.005 -0.005)
(0.055 -0.005 -0.005)
(0.06 -0.005 -0.005)
(0.065 -0.005 -0.005)
(0.07 -0.005 -0.005)
(0.075 -0.005 -0.005)
(0.08 -0.005 -0.005)
(0.085 -0.005 -0.005)
(0.09 -0.005 -0.005)
(0.095 -0.005 -0.005)
(0.1 -0.005 -0.005)
(0 0 -0.005)
(0.005 0 -0.005)
(0.01 0 -0.005)
(0.015 0 -0.005)
(0.02 0 -0.005)
(0.025 0 -0.005)
(0.03 0 -0.005)
(0.035 0 -0.005)
(0.04 0 -0.005)
(0.045 0 -0.005)
(0.05 0 -0.005)
(0.055 0 -0.005)
(0.06 0 -0.005)
(0.065 0 -0.005)
(0.07 0 -0.005)
(0.075 0 -0.005)
(0.08 0 -0.005)
(0.085 0 -0.005)
(0.09 0 -0.005)
(0.095 0 -0.005)
(0.1 0 -0.005)
(0 0.005 -0.005)
(0.005 0.005 -0.005)
(0.01 0.005 -0.005)
(0.015 0.005 -0.005)
(0.02 0.005 -0.005)
(0.025 0.005 -0.005)
(0.03 0.005 -0.005)
(0.035 0.005 -0.005)
(0.04 0.005 -0.005)
(0.045 0.005 -0.005)
(0.05 0.005 -0.005)
(0.055 0.005 -0.005)
(0.06 0.005 -0.005)
(0.065 0.005 -0.005)
(0.07 0.005 -0.005)
(0.075 0.005 -0.005)
(0.08 0.005 -0.005)
(0.085 0.005 -0.005)
(0.09 0.005 -0.005)
(0.095 0.005 -0.005)
(0.1 0.005 -0.005)
(0 -0.005 -0.004)
(0.005 -0.005 -0.004)
(0.01 -0.005 -0.004)
(0.015 -0.005 -0.004)
(0.02 -0.005 -0.004)
(0.025 -0.005 -0.004)
(0.03 -0.005 -0.004)
(0.035 -0.005 -0.004)
(0.04 -0.005 -0.004)
(0.045 -0.005 -0.004)
(0.05 -0.005 -0.004)
(0.055 -0.005 -0.004)
(0.06 -0.005 -0.004)
(0.065 -0.005 -0.004)
(0.07 -0.005 -0.004)
(0.075 -0.005 -0.004)
(0.08 -0.005 -0.004)
(0.085 -0.005 -0.004)
(0.09 -0.005 -0.004)
(0.095 -0.005 -0.004)
(0.1 -0.005 -0.004)
(0 0 -0.004)
(0.005 0 -0.004)
(0.01 0 -0.004)
(0.015 0 -0.004)
(0.02 0 -0.004)
(0.025 0 -0.004)
(0.03 0 -0.004)
(0.035 9.251858539e-20 -0.004)
(0.04 9.251858539e-20 -0.004)
(0.045 0 -0.004)
(0.05 0 -0.004)
(0.055 0 -0.004)
(0.06 9.251858539e-20 -0.004)
(0.065 9.251858539e-20 -0.004)
(0.07 4.625929269e-20 -0.004)
(0.075 0 -0.004)
(0.08 0 -0.004)
(0.085 2.312964635e-20 -0.004)
(0.09 0 -0.004)
(0.095 0 -0.004)
(0.1 0 -0.004)
(0 0.005 -0.004)
(0.005 0.005 -0.004)
(0.01 0.005 -0.004)
(0.015 0.005 -0.004)
(0.02 0.005 -0.004)
(0.025 0.005 -0.004)
(0.03 0.005 -0.004)
(0.035 0.005 -0.004)
(0.04 0.005 -0.004)
(0.045 0.005 -0.004)
(0.05 0.005 -0.004)
(0.055 0.005 -0.004)
(0.06 0.005 -0.004)
(0.065 0.005 -0.004)
(0.07 0.005 -0.004)
(0.075 0.005 -0.004)
(0.08 0.005 -0.004)
(0.085 0.005 -0.004)
(0.09 0.005 -0.004)
(0.095 0.005 -0.004)
(0.1 0.005 -0.004)
(0 -0.005 -0.003)
(0.005 -0.005 -0.003)
(0.01 -0.005 -0.003)
(0.015 -0.005 -0.003)
(0.02 -0.005 -0.003)
(0.025 -0.005 -0.003)
(0.03 -0.005 -0.003)
(0.035 -0.005 -0.003)
(0.04 -0.005 -0.003)
(0.045 -0.005 -0.003)
(0.05 -0.005 -0.003)
(0.055 -0.005 -0.003)
(0.06 -0.005 -0.003)
(0.065 -0.005 -0.003)
(0.07 -0.005 -0.003)
(0.075 -0.005 -0.003)
(0.08 -0.005 -0.003)
(0.085 -0.005 -0.003)
(0.09 -0.005 -0.003)
(0.095 -0.005 -0.003)
(0.1 -0.005 -0.003)
(0 0 -0.003)
(0.005 0 -0.003)
(0.01 0 -0.003)
(0.015 9.251858539e-20 -0.003)
(0.02 0 -0.003)
(0.025 9.251858539e-20 -0.003)
(0.03 0 -0.003)
(0.035 0 -0.003)
(0.04 9.251858539e-20 -0.003)
(0.045 9.251858539e-20 -0.003)
(0.05 0 -0.003)
(0.055 0 -0.003)
(0.06 4.625929269e-20 -0.003)
(0.065 0 -0.003)
(0.07 0 -0.003)
(0.075 9.251858539e-20 -0.003)
(0.08 9.251858539e-20 -0.003)
(0.085 9.251858539e-20 -0.003)
(0.09 9.251858539e-20 -0.003)
(0.095 0 -0.003)
(0.1 0 -0.003)
(0 0.005 -0.003)
(0.005 0.005 -0.003)
(0.01 0.005 -0.003)
(0.015 0.005 -0.003)
(0.02 0.005 -0.003)
(0.025 0.005 -0.003)
(0.03 0.005 -0.003)
(0.035 0.005 -0.003)
(0.04 0.005 -0.003)
(0.045 0.005 -0.003)
(0.05 0.005 -0.003)
(0.055 0.005 -0.003)
(0.06 0.005 -0.003)
(0.065 0.005 -0.003)
(0.07 0.005 -0.003)
(0.075 0.005 -0.003)
(0.08 0.005 -0.003)
(0.085 0.005 -0.003)
(0.09 0.005 -0.003)
(0.095 0.005 -0.003)
(0.1 0.005 -0.003)
(0 -0.005 -0.002)
(0.005 -0.005 -0.002)
(0.01 -0.005 -0.002)
(0.015 -0.005 -0.002)
(0.02 -0.005 -0.002)
(0.025 -0.005 -0.002)
(0.03 -0.005 -0.002)
(0.035 -0.005 -0.002)
(0.04 -0.005 -0.002)
(0.045 -0.005 -0.002)
(0.05 -0.005 -0.002)
(0.055 -0.005 -0.002)
(0.06 -0.005 -0.002)
(0.065 -0.005 -0.002)
(0.07 -0.005 -0.002)
(0.075 -0.005 -0.002)
(0.08 -0.005 -0.002)
(0.085 -0.005 -0.002)
(0.09 -0.005 -0.002)
(0.095 -0.005 -0.002)
(0.1 -0.005 -0.002)
(0 0 -0.002)
(0.005 0 -0.002)
(0.01 0 -0.002)
(0.015 0 -0.002)
(0.02 0 -0.002)
(0.025 0 -0.002)
(0.03 0 -0.002)
(0.035 9.251858539e-20 -0.002)
(0.04 -9.251858539e-20 -0.002)
(0.045 0 -0.002)
(0.05 0 -0.002)
(0.055 0 -0.002)
(0.06 -4.625929269e-20 -0.002)
(0.065 0 -0.002)
(0.07 0 -0.002)
(0.075 4.625929269e-20 -0.002)
(0.08 2.312964635e-20 -0.002)
(0.085 0 -0.002)
(0.09 0 -0.002)
(0.095 0 -0.002)
(0.1 0 -0.002)
(0 0.005 -0.002)
(0.005 0.005 -0.002)
(0.01 0.005 -0.002)
(0.015 0.005 -0.002)
(0.02 0.005 -0.002)
(0.025 0.005 -0.002)
(0.03 0.005 -0.002)
(0.035 0.005 -0.002)
(0.04 0.005 -0.002)
(0.045 0.005 -0.002)
(0.05 0.005 -0.002)
(0.055 0.005 -0.002)
(0.06 0.005 -0.002)
(0.065 0.005 -0.002)
(0.07 0.005 -0.002)
(0.075 0.005 -0.002)
(0.08 0.005 -0.002)
(0.085 0.005 -0.002)
(0.09 0.005 -0.002)
(0.095 0.005 -0.002)
(0.1 0.005 -0.002)
(0 -0.005 -0.001)
(0.005 -0.005 -0.001)
(0.01 -0.005 -0.001)
(0.015 -0.005 -0.001)
(0.02 -0.005 -0.001)
(0.025 -0.005 -0.001)
(0.03 -0.005 -0.001)
(0.035 -0.005 -0.001)
(0.04 -0.005 -0.001)
(0.045 -0.005 -0.001)
(0.05 -0.005 -0.001)
(0.055 -0.005 -0.001)
(0.06 -0.005 -0.001)
(0.065 -0.005 -0.001)
(0.07 -0.005 -0.001)
(0.075 -0.005 -0.001)
(0.08 -0.005 -0.001)
(0.085 -0.005 -0.001)
(0.09 -0.005 -0.001)
(0.095 -0.005 -0.001)
(0.1 -0.005 -0.001)
(0 0 -0.001)
(0.005 0 -0.001)
(0.01 0 -0.001)
(0.015 9.251858539e-20 -0.001)
(0.02 0 -0.001)
(0.025 0 -0.001)
(0.03 0 -0.001)
(0.035 0 -0.001)
(0.04 0 -0.001)
(0.045 9.251858539e-20 -0.001)
(0.05 0 -0.001)
(0.055 0 -0.001)
(0.06 0 -0.001)
(0.065 0 -0.001)
(0.07 0 -0.001)
(0.075 0 -0.001)
(0.08 0 -0.001)
(0.085 9.251858539e-20 -0.001)
(0.09 9.251858539e-20 -0.001)
(0.095 0 -0.001)
(0.1 0 -0.001)
(0 0.005 -0.001)
(0.005 0.005 -0.001)
(0.01 0.005 -0.001)
(0.015 0.005 -0.001)
(0.02 0.005 -0.001)
(0.025 0.005 -0.001)
(0.03 0.005 -0.001)
(0.035 0.005 -0.001)
(0.04 0.005 -0.001)
(0.045 0.005 -0.001)
(0.05 0.005 -0.001)
(0.055 0.005 -0.001)
(0.06 0.005 -0.001)
(0.065 0.005 -0.001)
(0.07 0.005 -0.001)
(0.075 0.005 -0.001)
(0.08 0.005 -0.001)
(0.085 0.005 -0.001)
(0.09 0.005 -0.001)
(0.095 0.005 -0.001)
(0.1 0.005 -0.001)
(0 -0.005 0)
(0.005 -0.005 0)
(0.01 -0.005 0)
(0.015 -0.005 0)
(0.02 -0.005 0)
(0.025 -0.005 0)
(0.03 -0.005 0)
(0.035 -0.005 0)
(0.04 -0.005 0)
(0.045 -0.005 0)
(0.05 -0.005 0)
(0.055 -0.005 0)
(0.06 -0.005 0)
(0.065 -0.005 0)
(0.07 -0.005 0)
(0.075 -0.005 0)
(0.08 -0.005 0)
(0.085 -0.005 0)
(0.09 -0.005 0)
(0.095 -0.005 0)
(0.1 -0.005 0)
(0 0 0)
(0.005 0 0)
(0.01 0 0)
(0.015 0 0)
(0.02 0 0)
(0.025 0 0)
(0.03 0 0)
(0.035 0 0)
(0.04 0 0)
(0.045 0 0)
(0.05 0 0)
(0.055 0 0)
(0.06 0 0)
(0.065 0 0)
(0.07 0 0)
(0.075 0 0)
(0.08 0 0)
(0.085 0 0)
(0.09 0 0)
(0.095 0 0)
(0.1 0 0)
(0 0.005 0)
(0.005 0.005 0)
(0.01 0.005 0)
(0.015 0.005 0)
(0.02 0.005 0)
(0.025 0.005 0)
(0.03 0.005 0)
(0.035 0.005 0)
(0.04 0.005 0)
(0.045 0.005 0)
(0.05 0.005 0)
(0.055 0.005 0)
(0.06 0.005 0)
(0.065 0.005 0)
(0.07 0.005 0)
(0.075 0.005 0)
(0.08 0.005 0)
(0.085 0.005 0)
(0.09 0.005 0)
(0.095 0.005 0)
(0.1 0.005 0)
(0 -0.005 0.001)
(0.005 -0.005 0.001)
(0.01 -0.005 0.001)
(0.015 -0.005 0.001)
(0.02 -0.005 0.001)
(0.025 -0.005 0.001)
(0.03 -0.005 0.001)
(0.035 -0.005 0.001)
(0.04 -0.005 0.001)
(0.045 -0.005 0.001)
(0.05 -0.005 0.001)
(0.055 -0.005 0.001)
(0.06 -0.005 0.001)
(0.065 -0.005 0.001)
(0.07 -0.005 0.001)
(0.075 -0.005 0.001)
(0.08 -0.005 0.001)
(0.085 -0.005 0.001)
(0.09 -0.005 0.001)
(0.095 -0.005 0.001)
(0.1 -0.005 0.001)
(0 0 0.001)
(0.005 0 0.001)
(0.01 0 0.001)
(0.015 9.251858539e-20 0.001)
(0.02 0 0.001)
(0.025 0 0.001)
(0.03 0 0.001)
(0.035 0 0.001)
(0.04 0 0.001)
(0.045 9.251858539e-20 0.001)
(0.05 0 0.001)
(0.055 0 0.001)
(0.06 0 0.001)
(0.065 0 0.001)
(0.07 0 0.001)
(0.075 0 0.001)
(0.08 0 0.001)
(0.085 9.251858539e-20 0.001)
(0.09 9.251858539e-20 0.001)
(0.095 0 0.001)
(0.1 0 0.001)
(0 0.005 0.001)
(0.005 0.005 0.001)
(0.01 0.005 0.001)
(0.015 0.005 0.001)
(0.02 0.005 0.001)
(0.025 0.005 0.001)
(0.03 0.005 0.001)
(0.035 0.005 0.001)
(0.04 0.005 0.001)
(0.045 0.005 0.001)
(0.05 0.005 0.001)
(0.055 0.005 0.001)
(0.06 0.005 0.001)
(0.065 0.005 0.001)
(0.07 0.005 0.001)
(0.075 0.005 0.001)
(0.08 0.005 0.001)
(0.085 0.005 0.001)
(0.09 0.005 0.001)
(0.095 0.005 0.001)
(0.1 0.005 0.001)
(0 -0.005 0.002)
(0.005 -0.005 0.002)
(0.01 -0.005 0.002)
(0.015 -0.005 0.002)
(0.02 -0.005 0.002)
(0.025 -0.005 0.002)
(0.03 -0.005 0.002)
(0.035 -0.005 0.002)
(0.04 -0.005 0.002)
(0.045 -0.005 0.002)
(0.05 -0.005 0.002)
(0.055 -0.005 0.002)
(0.06 -0.005 0.002)
(0.065 -0.005 0.002)
(0.07 -0.005 0.002)
(0.075 -0.005 0.002)
(0.08 -0.005 0.002)
(0.085 -0.005 0.002)
(0.09 -0.005 0.002)
(0.095 -0.005 0.002)
(0.1 -0.005 0.002)
(0 0 0.002)
(0.005 0 0.002)
(0.01 0 0.002)
(0.015 0 0.002)
(0.02 0 0.002)
(0.025 0 0.002)
(0.03 0 0.002)
(0.035 0 0.002)
(0.04 0 0.002)
(0.045 9.251858539e-20 0.002)
(0.05 0 0.002)
(0.055 0 0.002)
(0.06 0 0.002)
(0.065 0 0.002)
(0.07 0 0.002)
(0.075 0 0.002)
(0.08 0 0.002)
(0.085 0 0.002)
(0.09 9.251858539e-20 0.002)
(0.095 0 0.002)
(0.1 0 0.002)
(0 0.005 0.002)
(0.005 0.005 0.002)
(0.01 0.005 0.002)
(0.015 0.005 0.002)
(0.02 0.005 0.002)
(0.025 0.005 0.002)
(0.03 0.005 0.002)
(0.035 0.005 0.002)
(0.04 0.005 0.002)
(0.045 0.005 0.002)
(0.05 0.005 0.002)
(0.055 0.005 0.002)
(0.06 0.005 0.002)
(0.065 0.005 0.002)
(0.07 0.005 0.002)
(0.075 0.005 0.002)
(0.08 0.005 0.002)
(0.085 0.005 0.002)
(0.09 0.005 0.002)
(0.095 0.005 0.002)
(0.1 0.005 0.002)
(0 -0.005 0.003)
(0.005 -0.005 0.003)
(0.01 -0.005 0.003)
(0.015 -0.005 0.003)
(0.02 -0.005 0.003)
(0.025 -0.005 0.003)
(0.03 -0.005 0.003)
(0.035 -0.005 0.003)
(0.04 -0.005 0.003)
(0.045 -0.005 0.003)
(0.05 -0.005 0.003)
(0.055 -0.005 0.003)
(0.06 -0.005 0.003)
(0.065 -0.005 0.003)
(0.07 -0.005 0.003)
(0.075 -0.005 0.003)
(0.08 -0.005 0.003)
(0.085 -0.005 0.003)
(0.09 -0.005 0.003)
(0.095 -0.005 0.003)
(0.1 -0.005 0.003)
(0 0 0.003)
(0.005 0 0.003)
(0.01 0 0.003)
(0.015 0 0.003)
(0.02 0 0.003)
(0.025 0 0.003)
(0.03 0 0.003)
(0.035 0 0.003)
(0.04 0 0.003)
(0.045 0 0.003)
(0.05 0 0.003)
(0.055 0 0.003)
(0.06 0 0.003)
(0.065 0 0.003)
(0.07 0 0.003)
(0.075 0 0.003)
(0.08 0 0.003)
(0.085 0 0.003)
(0.09 0 0.003)
(0.095 0 0.003)
(0.1 0 0.003)
(0 0.005 0.003)
(0.005 0.005 0.003)
(0.01 0.005 0.003)
(0.015 0.005 0.003)
(0.02 0.005 0.003)
(0.025 0.005 0.003)
(0.03 0.005 0.003)
(0.035 0.005 0.003)
(0.04 0.005 0.003)
(0.045 0.005 0.003)
(0.05 0.005 0.003)
(0.055 0.005 0.003)
(0.06 0.005 0.003)
(0.065 0.005 0.003)
(0.07 0.005 0.003)
(0.075 0.005 0.003)
(0.08 0.005 0.003)
(0.085 0.005 0.003)
(0.09 0.005 0.003)
(0.095 0.005 0.003)
(0.1 0.005 0.003)
(0 -0.005 0.004)
(0.005 -0.005 0.004)
(0.01 -0.005 0.004)
(0.015 -0.005 0.004)
(0.02 -0.005 0.004)
(0.025 -0.005 0.004)
(0.03 -0.005 0.004)
(0.035 -0.005 0.004)
(0.04 -0.005 0.004)
(0.045 -0.005 0.004)
(0.05 -0.005 0.004)
(0.055 -0.005 0.004)
(0.06 -0.005 0.004)
(0.065 -0.005 0.004)
(0.07 -0.005 0.004)
(0.075 -0.005 0.004)
(0.08 -0.005 0.004)
(0.085 -0.005 0.004)
(0.09 -0.005 0.004)
(0.095 -0.005 0.004)
(0.1 -0.005 0.004)
(0 0 0.004)
(0.005 0 0.004)
(0.01 0 0.004)
(0.015 0 0.004)
(0.02 0 0.004)
(0.025 0 0.004)
(0.03 0 0.004)
(0.035 0 0.004)
(0.04 0 0.004)
(0.045 0 0.004)
(0.05 0 0.004)
(0.055 0 0.004)
(0.06 0 0.004)
(0.065 0 0.004)
(0.07 0 0.004)
(0.075 0 0.004)
(0.08 0 0.004)
(0.085 0 0.004)
(0.09 0 0.004)
(0.095 0 0.004)
(0.1 0 0.004)
(0 0.005 0.004)
(0.005 0.005 0.004)
(0.01 0.005 0.004)
(0.015 0.005 0.004)
(0.02 0.005 0.004)
(0.025 0.005 0.004)
(0.03 0.005 0.004)
(0.035 0.005 0.004)
(0.04 0.005 0.004)
(0.045 0.005 0.004)
(0.05 0.005 0.004)
(0.055 0.005 0.004)
(0.06 0.005 0.004)
(0.065 0.005 0.004)
(0.07 0.005 0.004)
(0.075 0.005 0.004)
(0.08 0.005 0.004)
(0.085 0.005 0.004)
(0.09 0.005 0.004)
(0.095 0.005 0.004)
(0.1 0.005 0.004)
(0 -0.005 0.005)
(0.005 -0.005 0.005)
(0.01 -0.005 0.005)
(0.015 -0.005 0.005)
(0.02 -0.005 0.005)
(0.025 -0.005 0.005)
(0.03 -0.005 0.005)
(0.035 -0.005 0.005)
(0.04 -0.005 0.005)
(0.045 -0.005 0.005)
(0.05 -0.005 0.005)
(0.055 -0.005 0.005)
(0.06 -0.005 0.005)
(0.065 -0.005 0.005)
(0.07 -0.005 0.005)
(0.075 -0.005 0.005)
(0.08 -0.005 0.005)
(0.085 -0.005 0.005)
(0.09 -0.005 0.005)
(0.095 -0.005 0.005)
(0.1 -0.005 0.005)
(0 0 0.005)
(0.005 0 0.005)
(0.01 0 0.005)
(0.015 0 0.005)
(0.02 0 0.005)
(0.025 0 0.005)
(0.03 0 0.005)
(0.035 0 0.005)
(0.04 0 0.005)
(0.045 0 0.005)
(0.05 0 0.005)
(0.055 0 0.005)
(0.06 0 0.005)
(0.065 0 0.005)
(0.07 0 0.005)
(0.075 0 0.005)
(0.08 0 0.005)
(0.085 0 0.005)
(0.09 0 0.005)
(0.095 0 0.005)
(0.1 0 0.005)
(0 0.005 0.005)
(0.005 0.005 0.005)
(0.01 0.005 0.005)
(0.015 0.005 0.005)
(0.02 0.005 0.005)
(0.025 0.005 0.005)
(0.03 0.005 0.005)
(0.035 0.005 0.005)
(0.04 0.005 0.005)
(0.045 0.005 0.005)
(0.05 0.005 0.005)
(0.055 0.005 0.005)
(0.06 0.005 0.005)
(0.065 0.005 0.005)
(0.07 0.005 0.005)
(0.075 0.005 0.005)
(0.08 0.005 0.005)
(0.085 0.005 0.005)
(0.09 0.005 0.005)
(0.095 0.005 0.005)
(0.1 0.005 0.005)
)


// ************************************************************************* //
